1206472
674165
777463
611214
811534
780814
782352
695487
625872
698340
724965
28484
672898
1455188
625037
44969
278933
712112
1918954
919444
607451
85023
1447456
748
1528331
584306
789909
1740383
1035885
625874
826220
643060
768
689174
625832
1603996
744402
393969
627904
1156392
439667
1425819
164933
623498
727516
1452928
1900616
1281429
1098239
295010
1424435
68758
628123
1318438
1036104
253534
1843151
834364
854908
1954427
730962
160778
756794
1415829
1629893
625243
592399
692200
2238707
1281120
720506
162180
473218
72644
358474
1400763
1489738
1213404
1812167
417613
885008
620296
646200
484882
631153
1215961
340163
1515124
1369249
1260596
418894
2046428
726539
288188
2468040
160996
1353552
1842336
161589
2430614
1431668
668504
702248
2648308
290383
1803
387214
1218411
795277
315967
845697
605434
1738907
1497761
697648
2390044
664976
409063
2250453
645549
1406779
2135986
1349803
1420261
307776
563431
408536
2561740
1370160
2294812
1960999
1676249
103124
1728945
2306118
1950578
1566026
444919
13433
1699163
2446558
2036530
1136071
176004
1481005
934055
254477
590309
2521138
1834759
2024939
1460086
2275627
2273449
174518
2440542
749120
801568
1958870
1524071
617145
1661418
182372
248582
2422202
1516526
140511
1171856
449095
883199
1842018
1776871
263580
1958824
7560
1067951
134498
445385
748591
696324
1487824
691126
1853261
759651
1851568
1356336
1094495
1983119
658002
1313257
1468366
637546
1388671
269447
1478042
1663813
1440604
2085894
1781991
399972
2552963
633631
2064088
2390965
1242637
1752383
2014743
1154082
969090
1502453
726814
1164792
2039882
1597236
681743
2334512
833685
803967
950839
2493796
1741289
586938
1348944
1464980
1455805
1666212
512110
1372859
660550
57118
675839
284274
722590
2456248
2368416
1641898
290734
1236067
2454756
2313160
2430587
812988
677466
2503834
2387347
1458637
1394
2240275
1792999
276324
2103459
849536
1488023
1853890
475682
2400276
833963
1750586
1250260
65233
507668
665107
1320658
74152
1214596
612281
625840
1561615
1754747
2653509
1395054
1719569
499261
254837
2561749
254914
1841627
93240
1211331
1996019
545932
1589756
438130
791356
1642073
16618
1728192
2011837
273415
1980453
924441
575034
770908
1301711
1908939
1182998
2373631
1368345
164182
2508462
1351214
995467
2153121
2443202
183895
834110
1335072
2491207
1632686
1645222
844520
1352773
2055060
1765548
2590416
2120515
1870780
1932855
1116235
1361614
54773
2587606
768617
2490835
1266564
18769
1210910
458334
92678
300388
1248097
1802632
1868855
2517967
1779300
1552955
1521774
953924
803418
348375
925811
847960
2150695
2521087
119745
1737883
2383182
2241752
264364
1863524
2172300
2178874
813102
1120911
15497
1888381
2096738
2550187
2462730
2592326
1548222
562167
1114849
603460
1955069
1707141
195536
1918494
1556822
2791
1793011
2578728
423453
2591311
668699
1683513
464007
379108
173958
347460
2568296
2164920
2185629
2578415
1957074
2152032
2320393
789745
292968
2398135
674990
470130
1123197
2052396
265234
1136943
2612517
1466567
699672
2068638
774099
2397624
1453162
999384
625405
1347002
2256134
2303581
2348822
188394
1561614
1202376
1652017
1439616
2222286
2576617
2308846
113436
2038544
1941009
110510
706549
1089283
1454455
2020116
1533746
1331749
2189787
655788
1429082
1112640
150672
117782
2094
1844673
2103927
355299
2123682
1965
627439
2328048
320531
1920869
1962822
1974024
889196
2504473
3597
733753
1845615
1000725
607458
834386
648862
928939
1857763
860924
1712483
264555
2158386
1758044
1710949
911862
2630370
2350288
168064
1676638
1481994
2262834
208993
1581028
782449
1649264
171643
1934815
997651
827173
319457
625038
1842569
1456675
453489
1793822
1512975
771789
2068063
2093995
2093594
746566
829748
254427
2552971
2429203
1709304
1631791
1089568
258033
2475124
2594928
1858670
1963300
1222738
168303
863421
2309970
660654
460754
1164703
2392652
737952
2204022
2462738
2572102
83397
1130628
1401737
1865362
2315359
2277266
1755196
1434133
477302
1258456
2307465
1540541
1496923
945970
175074
2634834
2505246
245819
1770680
1986669
215766
164300
1469284
2304148
1102854
1616576
1505368
1309393
1419177
289553
1188283
2665752
1656474
965726
379342
1771165
1664888
2096042
1250896
430069
2532458
2350127
1471236
1540586
41080
1958869
692517
2022876
1573652
271716
249827
2270360
2247784
2184614
2038586
2677447
2146545
1108624
1355642
1662809
250847
730192
1475125
81730
2392723
2315788
320909
630336
1015511
2293008
1211025
303288
1506148
1808925
561068
1327332
560427
1496998
1758366
2032197
2325082
259448
176517
1918406
664740
1726292
1843767
2106390
249190
20360
1312898
177338
1827947
1823257
1727148
667120
691073
1829278
421986
1520964
2486614
753145
1357403
1842356
653158
1935615
2600135
46910
2440783
2337224
372170
1734958
1143581
1311749
662828
1425391
770234
1013331
1340566
845084
1147399
2526114
1119605
651797
1529697
1781459
1864942
2182291
1720622
2122906
149890
1616675
649714
473475
2204024
2269548
2216667
2102514
2470714
642575
6860
1733948
2513690
277997
2136213
325551
118377
928732
2420196
628129
401673
1206861
1881987
1414945
2064744
1899822
2395251
12635
2150550
2247166
2686455
1202123
397022
1247642
22176
2368419
2364234
1379719
267704
1744903
1795913
2620334
583327
2177595
664915
982382
1359153
699144
1718410
805961
2609199
1839374
1031754
2396350
2403454
460361
1871712
253957
2281337
2056687
2496220
46672
22025
1485076
2463476
1754976
2106990
1991000
1990688
2312316
2486674
168214
1413005
1000292
9683
165515
854553
1451432
1735205
472036
2291263
16229
2607242
2458576
2604024
19412
318171
694510
2622971
961723
1307458
2263014
788724
2714440
985629
2021579
54993
2177127
2541611
2432299
40166
705830
248266
1431606
727979
847549
452195
14461
2150814
1769860
466648
53414
1211114
2254553
628673
1979720
663749
1610677
2624127
880892
2079364
466426
1476414
38014
1881728
1744506
249444
1969607
1999136
954209
2470713
2211966
1612162
1234329
1988633
1019274
587427
2640877
1669975
33985
1162274
624513
2605151
5600
639169
1477398
2504287
1759451
1961115
631785
1402951
1359654
1612695
1329768
1087393
1757995
2537244
174339
295035
2587653
2265992
1702852
2433075
2651904
161720
1554416
1987802
725860
1923193
1939892
787567
109558
2020049
1039574
138772
1402927
2625514
661410
1088338
1409481
2624783
1140817
2518810
1801152
2084
2433719
671033
779154
298901
2645916
1205154
2025141
2512070
2132795
625864
1711307
1401228
360611
2624888
2572460
891946
1745093
1784574
2219173
2623569
2296983
461587
2312439
1836621
2471553
1842017
1126722
307864
843867
1527881
1407070
2369018
1415911
1920134
795175
2485949
271643
946237
2098909
1813243
1943094
2024803
2610258
2399248
2106815
2206112
678677
954278
2628634
1861194
496748
2034849
1248536
720499
1067124
2423667
2451522
2460677
323276
1550944
1776175
2259157
2119499
1245263
733974
2052759
422362
1866800
550708
834404
138301
1171488
1415576
2640542
249811
1976570
586483
1640179
1922811
2480701
210824
2291953
2250880
2052805
90434
1506356
2567355
341019
1373590
2265508
1772397
883740
569152
353860
65745
162109
2126470
1540539
2027243
2253361
1985556
1331291
1850451
2192773
1409434
1444725
275648
712790
1572241
2692643
2454059
181742
260321
966541
1491601
2276849
2684199
2456796
2165333
1381931
2128554
1993515
2251259
760272
2575874
699635
875162
2083030
1996220
2581180
117162
1392030
1383912
1331963
2370739
2695492
1474978
211989
1669973
2321589
2587944
1759864
2524947
1616645
2389172
1589903
2621402
2611912
37617
2513400
82873
2049518
1511006
1983325
2702973
2443728
290655
1350069
1847634
1845599
1526947
1349205
426056
1274511
1726384
2440368
1167712
1385077
2098910
2663132
1976228
689563
1180244
2002017
2301090
1435459
2430597
2654106
1939930
2542856
842111
609996
1784119
1507789
1914325
2555971
254065
2533258
2369527
1555087
1635879
1982571
766555
586468
2701738
1367918
1811705
1874323
2463028
2090306
2572445
2486664
2521593
2428543
448394
2177624
641753
2655419
702658
264390
1616567
1328411
2276417
1466651
2643947
2277426
363914
1934204
2473668
1777057
1509792
1374580
133239
209361
1540556
495435
826458
1975895
2683699
313477
2030905
1359154
4635
2576830
1357487
649571
796496
2591486
290983
391931
1995160
2298518
2062274
1759562
2509469
1991268
2664204
491728
